2 0.680072 0.312146 0.141789 0.137931
2 0.469580 0.245111 0.141016 0.115028
2 0.743233 0.430906 0.143852 0.132527
1 0.476540 0.513381 0.178654 0.255275
2 0.288605 0.537442 0.163186 0.136130
2 0.237819 0.583891 0.102346 0.199177
2 0.594483 0.224395 0.156226 0.079259
2 0.636246 0.456382 0.127352 0.163407
1 0.616525 0.517627 0.345708 0.317808
2 0.231890 0.737519 0.079660 0.054555
2 0.414798 0.625965 0.078371 0.060988
2 0.586362 0.525219 0.070895 0.054555
2 0.440835 0.560602 0.050528 0.048121
2 0.494973 0.615286 0.051560 0.046320
