3 0.512150 0.576998 0.051546 0.064407
3 0.391937 0.427361 0.049705 0.062470
3 0.365243 0.347458 0.044183 0.059564
3 0.455081 0.545036 0.049337 0.067312
3 0.249264 0.280872 0.027246 0.055206
3 0.746318 0.277482 0.047865 0.061985
3 0.528719 0.670460 0.053019 0.069249
3 0.570140 0.509927 0.047496 0.079419
3 0.542526 0.385714 0.054124 0.066344
3 0.439433 0.599274 0.051915 0.068281
3 0.454713 0.444794 0.064801 0.079903
3 0.475700 0.618886 0.052283 0.070702
3 0.816090 0.347942 0.045287 0.056659
3 0.283505 0.334867 0.048601 0.062470
3 0.671576 0.291283 0.050074 0.053753
1 0.224595 0.493947 0.086892 0.171429
3 0.476620 0.499516 0.052651 0.076029
3 0.221649 0.640436 0.039028 0.055690
3 0.204713 0.664165 0.051546 0.074092
3 0.493189 0.399516 0.058542 0.077482
1 0.360825 0.481598 0.082474 0.191283
3 0.452504 0.388378 0.050810 0.069734
3 0.299705 0.264649 0.036819 0.046005
3 0.386598 0.298547 0.046392 0.048910
3 0.454897 0.226877 0.035714 0.050847
3 0.498343 0.270702 0.015096 0.017433
3 0.514728 0.198063 0.027246 0.046489
3 0.362113 0.185956 0.023932 0.036804
3 0.241716 0.311380 0.036451 0.055206
3 0.525957 0.460775 0.053387 0.068281
3 0.566274 0.441404 0.041237 0.067312
3 0.525405 0.511138 0.047865 0.057627
3 0.477725 0.570460 0.020250 0.034867
3 0.732511 0.314044 0.037187 0.058596
3 0.765096 0.310654 0.046392 0.065375
3 0.428203 0.169249 0.022091 0.021792
