3 0.808832 0.448201 0.053987 0.071088
3 0.776440 0.526441 0.049557 0.071521
3 0.732281 0.412657 0.051495 0.071088
3 0.528101 0.498483 0.052879 0.079757
3 0.766750 0.375163 0.049003 0.064586
3 0.439646 0.609450 0.044850 0.072822
3 0.796788 0.570004 0.053156 0.065886
3 0.349252 0.661899 0.062292 0.086693
3 0.312708 0.201994 0.042359 0.062419
3 0.257337 0.263979 0.046788 0.071088
3 0.361573 0.758127 0.054817 0.074556
3 0.406285 0.693758 0.061739 0.076723
3 0.385244 0.455787 0.061185 0.076723
3 0.745570 0.326831 0.055371 0.066753
3 0.604928 0.529909 0.048726 0.067187
3 0.391611 0.635891 0.053433 0.077156
1 0.689230 0.273732 0.063953 0.110533
1 0.735050 0.239055 0.090808 0.125271
3 0.315476 0.135024 0.031838 0.023840
3 0.656285 0.301691 0.039590 0.049415
3 0.841085 0.235371 0.033776 0.065886
3 0.866002 0.317078 0.040975 0.035977
3 0.585133 0.399003 0.047342 0.050715
3 0.511213 0.400520 0.055094 0.070221
3 0.497508 0.449502 0.056478 0.070221
3 0.447259 0.392068 0.081118 0.105332
3 0.471346 0.345037 0.068937 0.105765
3 0.153101 0.522323 0.031008 0.047681
3 0.305925 0.484395 0.045404 0.071521
3 0.341224 0.489597 0.052879 0.074122
3 0.315753 0.549632 0.056202 0.060685
3 0.359496 0.566103 0.049003 0.073689
3 0.326689 0.581708 0.014950 0.020806
3 0.372370 0.697009 0.024363 0.041612
3 0.395349 0.521456 0.057032 0.072822
3 0.410299 0.580624 0.054817 0.074122
3 0.435631 0.482878 0.047342 0.072822
3 0.442691 0.533593 0.042636 0.062419
3 0.336794 0.216298 0.034053 0.062419
3 0.619601 0.380147 0.037652 0.021673
3 0.647564 0.375596 0.018272 0.015171
3 0.629153 0.444517 0.041251 0.028175
3 0.635520 0.503251 0.047342 0.065886
3 0.676218 0.189640 0.016888 0.022974
3 0.706672 0.144993 0.041805 0.044647
3 0.737126 0.151712 0.020764 0.023407
3 0.740725 0.187256 0.037375 0.049415
3 0.755260 0.214781 0.011074 0.021240
3 0.788206 0.273515 0.042082 0.067620
3 0.786822 0.325748 0.033223 0.038578
3 0.810770 0.347204 0.016888 0.026875
