3 0.511966 0.576998 0.051915 0.064407
3 0.391937 0.427361 0.049705 0.062470
3 0.365427 0.347458 0.044551 0.059564
3 0.456186 0.545278 0.053756 0.068765
3 0.250736 0.282567 0.027982 0.058596
3 0.747054 0.278208 0.047128 0.059564
3 0.528719 0.670460 0.053019 0.070218
3 0.570140 0.509927 0.047496 0.079419
3 0.551915 0.438257 0.069956 0.067797
3 0.439433 0.598789 0.051915 0.068281
3 0.454897 0.446005 0.064433 0.077482
3 0.542526 0.385714 0.054124 0.066344
3 0.475700 0.619128 0.052283 0.070218
3 0.816090 0.347942 0.045287 0.056659
3 0.671760 0.291283 0.050442 0.053753
1 0.233800 0.462228 0.069219 0.107990
3 0.282585 0.337046 0.048969 0.061017
3 0.476620 0.500242 0.051915 0.076513
3 0.215206 0.639952 0.051915 0.056659
3 0.493004 0.399274 0.058910 0.076998
3 0.205081 0.661743 0.053019 0.078935
1 0.362850 0.482082 0.083579 0.190315
3 0.456001 0.225908 0.033505 0.046005
3 0.514175 0.193220 0.026878 0.045521
3 0.496318 0.268281 0.014728 0.019370
3 0.388807 0.297579 0.050074 0.045036
3 0.526694 0.507990 0.047496 0.069734
3 0.453056 0.387893 0.048969 0.064891
3 0.300994 0.262712 0.032032 0.052785
3 0.731775 0.314044 0.034978 0.056659
3 0.767121 0.310654 0.044551 0.063438
3 0.242084 0.311380 0.037187 0.056174
3 0.358616 0.171186 0.011782 0.011138
3 0.428387 0.169249 0.020987 0.021792
3 0.334683 0.150121 0.017673 0.008717
