6 0.695274 0.792793 0.482587 0.322686
0 0.777363 0.611794 0.156716 0.072072
1 0.074005 0.244881 0.138060 0.106470
6 0.291667 0.603604 0.379353 0.366912
1 0.774254 0.447584 0.304726 0.123669
1 0.066542 0.057740 0.128109 0.077805
1 0.899876 0.058559 0.120647 0.067977
1 0.844527 0.316953 0.246269 0.244062
1 0.223881 0.144144 0.385572 0.127764
1 0.512438 0.147011 0.184080 0.089271
0 0.476990 0.595414 0.098259 0.075348
0 0.628109 0.679361 0.159204 0.089271
0 0.907338 0.524980 0.108209 0.052416
1 0.373756 0.265356 0.225124 0.083538
1 0.629353 0.254709 0.539801 0.242424
1 0.370025 0.051188 0.120647 0.064701
1 0.149254 0.242424 0.119403 0.060606
1 0.205224 0.153563 0.119403 0.064701
1 0.531095 0.141687 0.129353 0.081900
1 0.473881 0.170352 0.124378 0.044226
1 0.694030 0.098280 0.124378 0.072072
1 0.873756 0.198198 0.115672 0.072072
1 0.942786 0.246519 0.111940 0.078624
1 0.541667 0.408681 0.152985 0.080262
1 0.468284 0.434889 0.135572 0.070434
1 0.273632 0.369779 0.126866 0.087633
1 0.064677 0.465192 0.124378 0.091728
0 0.071517 0.551188 0.100746 0.049140
0 0.106343 0.628583 0.098259 0.067977
6 0.214552 0.744472 0.148010 0.114660
