6 0.747010 0.642120 0.498505 0.484241
0 0.253737 0.698567 0.165172 0.127221
0 0.483558 0.501719 0.165919 0.125501
1 0.474215 0.184814 0.489537 0.359312
0 0.386398 0.757593 0.092676 0.084814
1 0.772795 0.218052 0.319880 0.178223
7 0.823244 0.055301 0.214499 0.088825
1 0.056801 0.254728 0.103139 0.080802
1 0.125934 0.266189 0.088939 0.064756
1 0.227952 0.213754 0.110613 0.055014
1 0.090433 0.076218 0.176383 0.130659
1 0.128550 0.512321 0.052317 0.074499
1 0.363976 0.588252 0.077728 0.062464
0 0.646114 0.429226 0.111360 0.077937
