1 0.7026647966339411 0.6168421052631579 0.32538569424964936 0.3410526315789474
1 0.9137447405329593 0.13578947368421052 0.17251051893408134 0.2673684210526316
3 0.3071528751753156 0.39263157894736844 0.17952314165497896 0.2
3 0.2924263674614306 0.6736842105263158 0.18092566619915848 0.2231578947368421
3 0.4158485273492286 0.4663157894736842 0.17812061711079943 0.22526315789473683
3 0.47545582047685836 0.8063157894736842 0.17110799438990182 0.14736842105263157
3 0.6823281907433381 0.8168421052631579 0.1753155680224404 0.20210526315789473
3 0.6984572230014026 0.9452631578947368 0.10659186535764376 0.08842105263157894
3 0.8387096774193549 0.8768421052631579 0.13464235624123422 0.1957894736842105
3 0.02664796633941094 0.46 0.05049088359046283 0.14105263157894737
3 0.0273492286115007 0.15789473684210525 0.051893408134642355 0.1431578947368421
3 0.2812061711079944 0.05789473684210526 0.12482468443197756 0.11157894736842106
