6 0.343654 0.669421 0.409021 0.385331
0 0.688838 0.555269 0.152905 0.099174
0 0.530963 0.683110 0.129205 0.094525
1 0.900612 0.439566 0.116208 0.059917
0 0.124618 0.487345 0.131498 0.080062
6 0.753440 0.825671 0.224006 0.219525
1 0.489297 0.471849 0.119266 0.061467
1 0.465214 0.370610 0.098624 0.077996
1 0.123853 0.087552 0.108563 0.083161
1 0.204128 0.073347 0.119266 0.063017
1 0.306193 0.326963 0.213303 0.275826
1 0.476682 0.165548 0.340214 0.260847
1 0.707187 0.051653 0.108563 0.053719
1 0.850535 0.061983 0.123089 0.066116
1 0.640291 0.448864 0.103211 0.084711
1 0.074541 0.372934 0.101682 0.084711
