0 0.423333 0.906000 0.289333 0.188000
0 0.780000 0.138000 0.440000 0.272000
0 0.213333 0.715000 0.109333 0.158000
9 0.580667 0.462000 0.836000 0.692000
0 0.891333 0.859000 0.100000 0.162000
0 0.276000 0.090000 0.373333 0.176000
0 0.671333 0.481000 0.054667 0.090000
0 0.734000 0.482000 0.062667 0.092000
0 0.698667 0.548000 0.069333 0.064000
0 0.888000 0.426000 0.074667 0.112000
0 0.955333 0.431000 0.070667 0.098000
0 0.932000 0.356000 0.069333 0.096000
0 0.873333 0.182000 0.069333 0.104000
0 0.408667 0.132000 0.073333 0.076000
0 0.449333 0.084000 0.069333 0.076000
