3 0.750000 0.607870 0.149306 0.226852
3 0.436921 0.156019 0.115741 0.195370
3 0.336806 0.245833 0.163194 0.226852
3 0.186343 0.707870 0.144676 0.239815
3 0.652488 0.673148 0.152199 0.229630
3 0.917824 0.528241 0.149306 0.215741
1 0.542245 0.627778 0.263889 0.675926
3 0.787326 0.218056 0.152199 0.228704
3 0.266493 0.059259 0.111690 0.112963
3 0.067130 0.700463 0.133102 0.295370
3 0.846065 0.762500 0.108796 0.200926
3 0.896701 0.330093 0.107060 0.215741
3 0.081597 0.923148 0.160880 0.153704
3 0.144965 0.879630 0.110532 0.162963
3 0.030961 0.499074 0.060764 0.174074
3 0.923322 0.093519 0.086227 0.181481
3 0.901910 0.895833 0.123264 0.202778
3 0.973380 0.651389 0.053241 0.215741
3 0.662616 0.971759 0.136574 0.056481
3 0.690104 0.048611 0.093171 0.095370
3 0.127604 0.208796 0.059606 0.145370
1 0.410590 0.565278 0.225116 0.267593
3 0.794271 0.839815 0.036458 0.135185
