3 0.375750 0.464000 0.063500 0.134000
3 0.471750 0.687500 0.050500 0.099000
3 0.649750 0.541000 0.064500 0.114000
3 0.646500 0.344000 0.072000 0.138000
3 0.488000 0.448500 0.081000 0.155000
3 0.509750 0.727500 0.043500 0.095000
3 0.428500 0.428000 0.051000 0.098000
3 0.453500 0.613500 0.060000 0.089000
3 0.414750 0.635000 0.057500 0.104000
3 0.370250 0.304500 0.040500 0.083000
3 0.367500 0.582000 0.046000 0.102000
3 0.423000 0.792000 0.050000 0.094000
3 0.444750 0.543500 0.054500 0.109000
3 0.394750 0.698500 0.046500 0.081000
3 0.451750 0.556000 0.069500 0.134000
3 0.479250 0.537500 0.042500 0.083000
3 0.441750 0.529000 0.046500 0.104000
3 0.477250 0.737500 0.044500 0.111000
3 0.503000 0.456000 0.051000 0.142000
3 0.618000 0.252500 0.050000 0.057000
3 0.481500 0.761000 0.041000 0.058000
3 0.181250 0.544000 0.051500 0.118000
3 0.483750 0.433000 0.067500 0.130000
1 0.264500 0.401500 0.072000 0.293000
1 0.578500 0.354500 0.084000 0.151000
3 0.539000 0.123000 0.036000 0.054000
3 0.495750 0.145500 0.039500 0.031000
3 0.520000 0.247500 0.060000 0.127000
3 0.578000 0.178000 0.031000 0.040000
3 0.675250 0.174500 0.007500 0.019000
3 0.712250 0.162500 0.010500 0.017000
3 0.758250 0.110000 0.015500 0.024000
