2 0.415417 0.315651 0.077500 0.102941
2 0.321806 0.406250 0.077500 0.076155
2 0.289583 0.506040 0.065278 0.094013
2 0.226528 0.760767 0.086389 0.116071
2 0.275833 0.814863 0.052778 0.099265
2 0.302361 0.672006 0.035278 0.065651
2 0.327222 0.721639 0.067778 0.079832
2 0.340139 0.501838 0.056944 0.089811
2 0.392917 0.476891 0.055833 0.091387
2 0.352361 0.591649 0.056389 0.085609
2 0.389028 0.567752 0.080833 0.206933
2 0.447500 0.639443 0.113333 0.145483
2 0.419028 0.684874 0.067500 0.080882
2 0.500694 0.407563 0.083056 0.121849
2 0.524028 0.478729 0.071944 0.106618
2 0.494306 0.556723 0.085278 0.134454
2 0.459444 0.524685 0.061667 0.110294
2 0.546250 0.650735 0.067500 0.125000
2 0.598333 0.491597 0.075556 0.090336
2 0.582917 0.560662 0.088056 0.104517
2 0.696389 0.702994 0.086111 0.149685
2 0.689306 0.594538 0.069167 0.094538
2 0.651389 0.596639 0.043889 0.075630
2 0.682361 0.530462 0.036389 0.080882
2 0.780000 0.638393 0.028889 0.054097
2 0.616389 0.212447 0.075000 0.131828
2 0.628889 0.292279 0.029444 0.066702
2 0.665694 0.352416 0.080278 0.091387
2 0.669583 0.411502 0.031389 0.091912
2 0.707083 0.266019 0.084722 0.127626
2 0.696667 0.202731 0.068333 0.116597
2 0.762778 0.158088 0.065556 0.032563
2 0.826806 0.282563 0.094722 0.118697
2 0.834444 0.213498 0.043889 0.057248
2 0.870694 0.215861 0.046389 0.097689
2 0.807917 0.389968 0.038056 0.054097
1 0.442778 0.466387 0.032222 0.067227
1 0.464583 0.439601 0.025278 0.066176
2 0.519167 0.761029 0.030556 0.066176
