1 0.354226 0.374402 0.178538 0.161483
2 0.710114 0.575957 0.088794 0.089713
1 0.597578 0.514952 0.075499 0.080144
2 0.477445 0.607057 0.168566 0.209330
2 0.357550 0.568780 0.117759 0.175837
2 0.501662 0.517344 0.170465 0.157895
2 0.683523 0.450060 0.118234 0.144139
2 0.697531 0.311603 0.113010 0.089713
2 0.761159 0.299043 0.059829 0.093301
2 0.758310 0.423445 0.036087 0.050239
2 0.778727 0.452153 0.036087 0.041866
2 0.781576 0.368421 0.030389 0.031100
2 0.784900 0.399222 0.029440 0.037679
2 0.583808 0.352273 0.035613 0.064593
2 0.624169 0.363038 0.036562 0.044258
